0 0.303836 0.624508 0.099297 0.402693
0 0.499273 0.740445 0.164922 0.496628
0 0.932547 0.761956 0.134906 0.449438
0 0.513563 0.483571 0.049406 0.111077
0 0.650727 0.531066 0.061703 0.231733
0 0.625414 0.442588 0.018828 0.046019
0 0.629055 0.442096 0.015391 0.042178
0 0.743539 0.496276 0.028422 0.158501
0 0.838852 0.569660 0.091453 0.343817
0 0.265148 0.552553 0.068797 0.322248
0 0.533313 0.441874 0.033906 0.061265
0 0.607945 0.448384 0.026297 0.047541
0 0.553820 0.438888 0.022422 0.028454
0 0.432031 0.518735 0.795312 0.264637
