0 0.058148 0.791010 0.116297 0.391021
0 0.399867 0.856333 0.099109 0.287333
0 0.358180 0.852396 0.084078 0.271292
0 0.286687 0.849094 0.076469 0.296854
0 0.723617 0.826010 0.072109 0.203937
0 0.780102 0.844073 0.069703 0.288562
0 0.829383 0.848396 0.068797 0.254667
0 0.924477 0.809354 0.053422 0.192125
0 0.007531 0.347573 0.014563 0.122021
0 0.990672 0.781240 0.018656 0.152021
0 0.364234 0.719844 0.027906 0.055146
0 0.491820 0.821510 0.034984 0.080396
0 0.514813 0.821302 0.032438 0.073021
0 0.416406 0.747917 0.382812 0.133333
