0 0.779258 0.643146 0.095203 0.361875
0 0.982133 0.637167 0.035734 0.354458
0 0.902359 0.530094 0.042250 0.125062
0 0.866664 0.575646 0.038328 0.170833
0 0.691445 0.488490 0.017547 0.032396
0 0.881758 0.640771 0.070953 0.121625
0 0.711336 0.682167 0.092891 0.371750
0 0.659625 0.648646 0.062500 0.362625
0 0.955961 0.557323 0.031609 0.149812
0 0.946555 0.498260 0.022984 0.072396
0 0.809695 0.487000 0.019359 0.040667
0 0.921727 0.565344 0.052578 0.172437
0 0.717477 0.484010 0.024047 0.041896
0 0.532813 0.567708 0.884375 0.210417
