0 0.673656 0.562854 0.031875 0.145417
0 0.540289 0.514292 0.006641 0.024833
0 0.154242 0.584323 0.029203 0.103229
0 0.865719 0.615333 0.067937 0.239000
0 0.755148 0.553323 0.023922 0.104229
0 0.834539 0.570208 0.041016 0.164625
0 0.093398 0.677021 0.134984 0.362792
0 0.447594 0.505844 0.005406 0.013562
0 0.515133 0.535406 0.017766 0.059979
0 0.633258 0.546448 0.029078 0.112646
0 0.728336 0.549167 0.019984 0.104583
0 0.783297 0.563198 0.030500 0.119396
0 0.594508 0.524615 0.017891 0.048479
0 0.718750 0.614583 0.468750 0.258333
