0 0.442172 0.642840 0.116219 0.334178
0 0.311797 0.574847 0.095594 0.304202
0 0.464852 0.341831 0.089484 0.134460
0 0.801742 0.406585 0.054547 0.120681
0 0.887742 0.442300 0.029641 0.055399
0 0.952500 0.442817 0.041094 0.109859
0 0.941469 0.400822 0.084469 0.113192
0 0.393133 0.374777 0.015047 0.032653
0 0.424336 0.482101 0.069547 0.101056
0 0.472633 0.414155 0.049828 0.094977
0 0.406687 0.414965 0.036875 0.104484
0 0.361352 0.421326 0.037922 0.047535
0 0.550953 0.418392 0.048031 0.065282
0 0.875781 0.415493 0.067187 0.117371
