0 0.168445 0.666909 0.043734 0.253255
0 0.217391 0.661920 0.056125 0.267026
0 0.063406 0.659005 0.049625 0.280585
0 0.152477 0.619567 0.030203 0.208361
0 0.314664 0.646827 0.043859 0.245785
0 0.133258 0.531909 0.016391 0.078946
0 0.229680 0.549169 0.024516 0.069953
0 0.166234 0.505410 0.009781 0.052506
0 0.250758 0.648454 0.034828 0.225012
0 0.268672 0.631651 0.033594 0.230703
0 0.093375 0.618934 0.034375 0.248314
0 0.453539 0.527201 0.052078 0.088454
0 0.021492 0.570375 0.028234 0.134895
0 0.192969 0.598361 0.357812 0.306792
