0 0.717969 0.543560 0.226562 0.754098
0 0.781500 0.232131 0.018281 0.037845
0 0.466328 0.316862 0.050250 0.227213
0 0.892844 0.323513 0.141406 0.440281
0 0.799594 0.290070 0.063219 0.199859
0 0.757391 0.244731 0.021406 0.078220
0 0.521758 0.353923 0.077953 0.348314
0 0.158930 0.414602 0.092953 0.339321
0 0.572914 0.354965 0.043984 0.072225
0 0.098633 0.269824 0.034203 0.079040
0 0.073680 0.248068 0.021797 0.052810
0 0.070187 0.429813 0.130062 0.291616
0 0.322766 0.282974 0.166844 0.275925
0 0.519531 0.297424 0.957812 0.295082
