0 0.268867 0.683646 0.046953 0.161333
0 0.015359 0.707583 0.030719 0.192958
0 0.137633 0.696729 0.043266 0.150000
0 0.287367 0.690344 0.021859 0.100854
0 0.436703 0.623958 0.014781 0.036458
0 0.204078 0.678302 0.035687 0.143687
0 0.938563 0.654271 0.043656 0.103000
0 0.847859 0.662646 0.033125 0.136917
0 0.820898 0.703052 0.038516 0.218604
0 0.891414 0.705333 0.050516 0.071625
0 0.771008 0.663406 0.026328 0.135646
0 0.958711 0.706333 0.040234 0.053625
0 0.887789 0.651396 0.037266 0.109542
0 0.625000 0.701042 0.631250 0.218750
