0 0.762031 0.702877 0.073563 0.223868
0 0.848266 0.665318 0.056656 0.146392
0 0.609219 0.626179 0.040188 0.132783
0 0.548086 0.720047 0.099203 0.240708
0 0.594367 0.683208 0.106047 0.125330
0 0.131758 0.749434 0.150359 0.298868
0 0.196703 0.795684 0.143344 0.361745
0 0.108891 0.667594 0.046594 0.161934
0 0.475141 0.649623 0.044875 0.119009
0 0.246719 0.627842 0.039344 0.103325
0 0.819258 0.661969 0.032297 0.136580
0 0.419508 0.691498 0.074891 0.192901
0 0.356008 0.578255 0.021047 0.039906
0 0.500781 0.420991 0.995313 0.841981
