0 0.322000 0.746843 0.121406 0.339868
0 0.854727 0.331932 0.023172 0.079757
0 0.724297 0.820828 0.105500 0.261170
0 0.916844 0.517219 0.074719 0.180839
0 0.948961 0.536678 0.102078 0.195960
0 0.807969 0.381214 0.050969 0.153907
0 0.502836 0.464746 0.058234 0.133068
0 0.419117 0.715728 0.103391 0.483157
0 0.694797 0.378687 0.053438 0.103245
0 0.763195 0.282362 0.017234 0.049095
0 0.402477 0.360519 0.038734 0.121302
0 0.225875 0.498068 0.054906 0.178256
0 0.461523 0.463985 0.054422 0.164570
0 0.499219 0.369757 0.998437 0.346578
