0 0.513453 0.401787 0.242844 0.541465
0 0.375227 0.585215 0.045578 0.188555
0 0.341609 0.581289 0.047656 0.197773
0 0.249727 0.586377 0.033391 0.187012
0 0.292133 0.588760 0.052141 0.179785
0 0.679195 0.583057 0.045078 0.173184
0 0.728469 0.580205 0.044969 0.179668
0 0.629898 0.588682 0.039672 0.171074
0 0.484641 0.582168 0.049438 0.183281
0 0.516742 0.572109 0.031797 0.161055
0 0.756977 0.589941 0.022453 0.154297
0 0.583625 0.639404 0.049906 0.085957
0 0.410797 0.577051 0.029344 0.195625
0 0.673438 0.584961 0.165625 0.205078
