0 0.938290 0.171907 0.123020 0.205253
0 0.234460 0.536720 0.241440 0.764747
0 0.123600 0.367333 0.071960 0.224693
0 0.452530 0.566293 0.203940 0.723573
0 0.790450 0.156173 0.171900 0.244933
0 0.473080 0.188080 0.148040 0.147093
0 0.032100 0.354413 0.062720 0.189040
0 0.040920 0.174547 0.081840 0.181253
0 0.635390 0.321360 0.097740 0.184267
0 0.148320 0.183147 0.148320 0.226987
0 0.393540 0.119107 0.109560 0.188773
0 0.456570 0.065533 0.091180 0.131067
0 0.666080 0.109760 0.132280 0.211413
0 0.494000 0.310667 0.984000 0.376000
