0 0.158030 0.759729 0.094220 0.449096
0 0.190920 0.745633 0.104880 0.386687
0 0.436610 0.747545 0.092540 0.435331
0 0.371920 0.694322 0.073880 0.406476
0 0.329490 0.670964 0.039900 0.338193
0 0.292500 0.733238 0.053040 0.395693
0 0.596420 0.736702 0.124480 0.489608
0 0.235760 0.866295 0.188000 0.267410
0 0.706110 0.605557 0.055540 0.319729
0 0.267830 0.647199 0.091020 0.283133
0 0.088460 0.703223 0.092120 0.174880
0 0.805010 0.760678 0.114900 0.456175
0 0.529610 0.513133 0.043860 0.090542
0 0.484000 0.680723 0.964000 0.632530
