0 0.130617 0.517040 0.160766 0.170397
0 0.769719 0.640659 0.206188 0.318724
0 0.914070 0.522657 0.154172 0.169833
0 0.523984 0.864864 0.196813 0.247762
0 0.164016 0.786036 0.324656 0.403159
0 0.904156 0.309990 0.040063 0.103033
0 0.531547 0.639895 0.211406 0.236987
0 0.276055 0.493044 0.133359 0.147552
0 0.330180 0.447082 0.037922 0.084038
0 0.565469 0.485889 0.089719 0.113201
0 0.459305 0.436056 0.083859 0.088264
0 0.400297 0.501862 0.112531 0.117866
0 0.897352 0.824184 0.205297 0.347071
0 0.489844 0.437238 0.967187 0.364017
