0 0.339490 0.591773 0.024900 0.111973
0 0.399880 0.557947 0.021120 0.078400
0 0.549330 0.583053 0.033660 0.132560
0 0.458140 0.575733 0.019160 0.078347
0 0.763730 0.634653 0.043660 0.199867
0 0.819060 0.642480 0.057000 0.189493
0 0.788210 0.627413 0.033940 0.190240
0 0.599090 0.589227 0.021660 0.126133
0 0.508830 0.575347 0.020300 0.079867
0 0.429010 0.561080 0.023380 0.082320
0 0.377880 0.558293 0.016840 0.075787
0 0.911700 0.667773 0.070200 0.260933
0 0.978020 0.662320 0.042080 0.260107
0 0.442000 0.573333 0.436000 0.229333
