0 0.562500 0.647979 0.243844 0.677125
0 0.436297 0.496500 0.047813 0.183917
0 0.466883 0.461146 0.033828 0.130750
0 0.344656 0.405812 0.025281 0.062292
0 0.265195 0.396490 0.011172 0.057479
0 0.087430 0.407177 0.035609 0.104271
0 0.124641 0.415656 0.035437 0.112812
0 0.838867 0.658406 0.168016 0.453396
0 0.254344 0.424813 0.027344 0.104500
0 0.449406 0.413781 0.011594 0.025521
0 0.226250 0.395531 0.011437 0.033854
0 0.280516 0.419948 0.023906 0.074229
0 0.147422 0.392448 0.012969 0.079021
0 0.500000 0.417708 0.996875 0.172917
