0 0.653719 0.103604 0.084469 0.182417
0 0.261828 0.478656 0.240500 0.692146
0 0.409164 0.183594 0.059391 0.159312
0 0.657297 0.534833 0.326969 0.907875
0 0.322258 0.180094 0.064797 0.142229
0 0.476328 0.219365 0.110031 0.284187
0 0.385117 0.094812 0.116297 0.164042
0 0.355273 0.271656 0.084922 0.195021
0 0.192523 0.169156 0.072391 0.239687
0 0.272578 0.133625 0.051031 0.072083
0 0.291172 0.096781 0.083312 0.142812
0 0.988578 0.149542 0.022844 0.157667
0 0.215352 0.184385 0.060422 0.178479
0 0.342187 0.168750 0.559375 0.300000
