0 0.880555 0.650190 0.208891 0.586523
0 0.719133 0.492081 0.063328 0.379239
0 0.270461 0.698490 0.161859 0.570787
0 0.189523 0.677538 0.146641 0.608985
0 0.080734 0.534175 0.037094 0.184543
0 0.115367 0.544784 0.040453 0.224137
0 0.357141 0.530127 0.039719 0.185127
0 0.446086 0.512424 0.062828 0.204086
0 0.778773 0.397056 0.072203 0.151066
0 0.396812 0.520660 0.047594 0.201777
0 0.664859 0.568274 0.065438 0.235990
0 0.917258 0.339150 0.022516 0.060685
0 0.620953 0.401688 0.034625 0.173223
0 0.507031 0.487310 0.982812 0.365482
