0 0.763188 0.346674 0.195000 0.291101
0 0.301992 0.282564 0.134047 0.244614
0 0.135688 0.381639 0.127438 0.305621
0 0.216117 0.676628 0.314766 0.604965
0 0.869125 0.269368 0.112500 0.263232
0 0.461953 0.280913 0.124687 0.243279
0 0.957414 0.496920 0.085172 0.404941
0 0.210305 0.109941 0.052859 0.078244
0 0.086008 0.500504 0.133797 0.375199
0 0.978273 0.190304 0.039578 0.223888
0 0.834977 0.129520 0.038203 0.082646
0 0.825680 0.692740 0.331766 0.614520
0 0.621125 0.307400 0.131250 0.227260
0 0.466406 0.516393 0.926562 0.962529
