0 0.336562 0.717396 0.030125 0.100292
0 0.367727 0.712031 0.024891 0.100521
0 0.400289 0.707094 0.032547 0.096479
0 0.515820 0.660094 0.016891 0.056313
0 0.150297 0.775604 0.047063 0.222083
0 0.051602 0.749812 0.051359 0.167250
0 0.015781 0.754198 0.031500 0.143562
0 0.667125 0.896937 0.130094 0.201333
0 0.761391 0.759063 0.033875 0.037375
0 0.688953 0.668417 0.023719 0.049042
0 0.972375 0.877906 0.019656 0.038812
0 0.752969 0.651865 0.015938 0.049813
0 0.778547 0.669208 0.016781 0.062667
0 0.457031 0.711458 0.048438 0.131250
