0 0.617711 0.194532 0.101953 0.235948
0 0.535250 0.197845 0.114219 0.221874
0 0.789523 0.211885 0.088672 0.218946
0 0.901078 0.215351 0.128937 0.220211
0 0.750461 0.123208 0.088953 0.240187
0 0.659578 0.113548 0.096688 0.223208
0 0.233359 0.404754 0.091719 0.435504
0 0.136094 0.206323 0.087500 0.165527
0 0.224781 0.207225 0.091281 0.167143
0 0.350227 0.183946 0.134141 0.243443
0 0.950750 0.852283 0.098500 0.295433
0 0.368961 0.110328 0.169359 0.220656
0 0.372586 0.594813 0.253016 0.768829
0 0.289062 0.144028 0.575000 0.288056
