0 0.493992 0.613642 0.013203 0.049274
0 0.734820 0.752540 0.018297 0.105995
0 0.749773 0.755148 0.020609 0.123683
0 0.595070 0.767876 0.024047 0.103925
0 0.836203 0.737513 0.021719 0.114758
0 0.560406 0.636613 0.008531 0.048172
0 0.575539 0.634220 0.010703 0.054677
0 0.283453 0.838790 0.040406 0.145753
0 0.612711 0.632944 0.010297 0.056801
0 0.763453 0.761358 0.014625 0.101962
0 0.356523 0.950134 0.035578 0.097796
0 0.946430 0.817755 0.026016 0.104435
0 0.843336 0.862003 0.043547 0.157608
0 0.498437 0.778226 0.850000 0.438172
