0 0.569734 0.478653 0.113937 0.359555
0 0.680680 0.504496 0.101953 0.397752
0 0.658672 0.475398 0.056594 0.319742
0 0.477805 0.357248 0.044703 0.097635
0 0.371898 0.375000 0.043734 0.122272
0 0.643180 0.384988 0.045953 0.203091
0 0.365078 0.276967 0.061469 0.242693
0 0.317211 0.342283 0.041859 0.089251
0 0.045805 0.433665 0.091609 0.196183
0 0.627742 0.379754 0.032609 0.110609
0 0.188438 0.363314 0.042812 0.164754
0 0.416508 0.352787 0.043016 0.123091
0 0.541648 0.359391 0.036766 0.115644
0 0.482812 0.457845 0.309375 0.306792
