0 0.733148 0.746063 0.188766 0.458417
0 0.854492 0.476406 0.114609 0.170771
0 0.321906 0.586510 0.198875 0.314604
0 0.240992 0.497188 0.101234 0.182917
0 0.143305 0.441292 0.091328 0.209917
0 0.254211 0.352760 0.063578 0.106937
0 0.909734 0.629781 0.162625 0.259396
0 0.482383 0.671750 0.128734 0.334167
0 0.656766 0.598562 0.142781 0.327833
0 0.934492 0.433896 0.097172 0.151667
0 0.896867 0.848187 0.204016 0.299833
0 0.315922 0.417844 0.087844 0.151021
0 0.166297 0.367802 0.045531 0.088104
0 0.554688 0.434375 0.881250 0.231250
