0 0.771563 0.293412 0.085156 0.347718
0 0.071836 0.425247 0.143141 0.600282
0 0.226141 0.260800 0.082063 0.265271
0 0.157609 0.247282 0.073250 0.204871
0 0.393430 0.247365 0.051828 0.155247
0 0.839805 0.468471 0.145078 0.601365
0 0.618594 0.275024 0.083687 0.324682
0 0.448734 0.570541 0.203031 0.793129
0 0.446188 0.173035 0.041781 0.112376
0 0.344438 0.266035 0.076313 0.278659
0 0.686336 0.401918 0.101953 0.413059
0 0.488531 0.226188 0.075531 0.161976
0 0.318609 0.218800 0.026312 0.161694
0 0.457813 0.220000 0.850000 0.298824
