0 0.381516 0.518645 0.158625 0.943411
0 0.234078 0.557547 0.157000 0.817056
0 0.614648 0.171916 0.081141 0.173037
0 0.155969 0.120631 0.072375 0.195280
0 0.261125 0.177453 0.079375 0.244206
0 0.644758 0.571752 0.176922 0.739907
0 0.700070 0.111624 0.091328 0.222360
0 0.102711 0.382290 0.199422 0.656963
0 0.924438 0.406741 0.149250 0.762360
0 0.755492 0.285958 0.130391 0.490935
0 0.801336 0.374112 0.140984 0.575421
0 0.345148 0.180444 0.073859 0.162710
0 0.485453 0.485794 0.136875 0.912617
0 0.499219 0.470794 0.998437 0.941589
