0 0.709570 0.618649 0.085578 0.205473
0 0.644820 0.606120 0.096422 0.126790
0 0.554133 0.596316 0.064609 0.174619
0 0.586227 0.327575 0.057484 0.203649
0 0.643266 0.272148 0.033187 0.116166
0 0.849242 0.260323 0.043547 0.128360
0 0.902336 0.251247 0.043109 0.125774
0 0.961672 0.248303 0.043281 0.125242
0 0.814703 0.062079 0.037250 0.055520
0 0.698477 0.267044 0.042797 0.152517
0 0.116383 0.130035 0.039734 0.073695
0 0.246969 0.275208 0.044312 0.067044
0 0.275766 0.270450 0.040156 0.058822
0 0.496094 0.209007 0.992188 0.418014
