0 0.306323 0.836734 0.169227 0.176719
0 0.747881 0.642898 0.082084 0.057703
0 0.462740 0.634000 0.114239 0.124750
0 0.500129 0.568680 0.083677 0.112453
0 0.527377 0.461086 0.099344 0.101828
0 0.558513 0.376648 0.070141 0.080016
0 0.553923 0.315469 0.056276 0.036187
0 0.301077 0.425867 0.048993 0.037328
0 0.214180 0.503570 0.092482 0.047672
0 0.739859 0.417680 0.024309 0.017734
0 0.111101 0.770836 0.133162 0.151297
0 0.750984 0.711531 0.118361 0.142781
0 0.654415 0.772336 0.148735 0.161203
0 0.578454 0.401562 0.697892 0.362500
