0 0.866750 0.490975 0.030219 0.122225
0 0.261625 0.517924 0.092969 0.207133
0 0.407078 0.465321 0.048625 0.125367
0 0.731961 0.480034 0.039766 0.148234
0 0.497055 0.512122 0.089297 0.213234
0 0.094852 0.476250 0.032391 0.109839
0 0.518750 0.484071 0.025094 0.083739
0 0.134828 0.477695 0.036125 0.101537
0 0.557891 0.503039 0.030000 0.109702
0 0.156734 0.493819 0.036125 0.070711
0 0.337367 0.548039 0.107859 0.162683
0 0.736820 0.489128 0.027703 0.144862
0 0.537570 0.501732 0.030203 0.111491
0 0.213281 0.435780 0.385937 0.128440
